Origin: SOCRATES, spectral file pm_hit16
Atmosphere: 2 bar CO2, dry, Mars gravity
Total OLR:  93.5272 Wm-2
Columns
1: Index for spectral bin
2: Wavenumber lower bound [cm-1]
3: Wavenumber upper bound [cm-1]
4. Radiance [Wm-2/cm-1]
       1      1.00000      10.0000  0.000163278
       2      10.0000      20.0000  0.000961502
       3      20.0000      30.0000   0.00247619
       4      30.0000      40.0000   0.00460071
       5      40.0000      50.0000   0.00724717
       6      50.0000      60.0000    0.0103341
       7      60.0000      70.0000    0.0137899
       8      70.0000      80.0000    0.0175542
       9      80.0000      90.0000    0.0215780
      10      90.0000      100.000    0.0258227
      11      100.000      110.000    0.0302579
      12      110.000      120.000    0.0348599
      13      120.000      130.000    0.0396093
      14      130.000      140.000    0.0444901
      15      140.000      150.000    0.0494884
      16      150.000      160.000    0.0545934
      17      160.000      170.000    0.0598002
      18      170.000      180.000    0.0651275
      19      180.000      190.000    0.0706587
      20      190.000      200.000    0.0765809
      21      200.000      210.000    0.0831764
      22      210.000      220.000    0.0907592
      23      220.000      230.000    0.0995847
      24      230.000      240.000     0.109796
      25      240.000      250.000     0.121376
      26      250.000      260.000     0.185576
      27      260.000      270.000     0.193311
      28      270.000      280.000     0.200716
      29      280.000      290.000     0.207764
      30      290.000      300.000     0.214420
      31      300.000      310.000     0.220651
      32      310.000      320.000     0.226410
      33      320.000      330.000     0.231641
      34      330.000      340.000     0.236276
      35      340.000      350.000     0.240219
      36      350.000      360.000     0.243352
      37      360.000      370.000     0.245514
      38      370.000      380.000     0.246496
      39      380.000      390.000     0.246032
      40      390.000      400.000     0.243806
      41      400.000      410.000     0.239426
      42      410.000      420.000     0.232507
      43      420.000      430.000     0.222682
      44      430.000      440.000     0.209815
      45      440.000      450.000     0.193888
      46      450.000      460.000     0.175610
      47      460.000      470.000     0.156961
      48      470.000      480.000     0.138205
      49      480.000      490.000     0.122698
      50      490.000      500.000     0.109205
      51      500.000      510.000    0.0980567
      52      510.000      520.000    0.0888925
      53      520.000      530.000    0.0807494
      54      530.000      540.000    0.0745137
      55      540.000      550.000    0.0676271
      56      550.000      560.000    0.0638108
      57      560.000      570.000    0.0579462
      58      570.000      580.000    0.0526625
      59      580.000      590.000    0.0491293
      60      590.000      600.000    0.0470855
      61      600.000      610.000    0.0453839
      62      610.000      620.000    0.0437171
      63      620.000      630.000    0.0420796
      64      630.000      640.000    0.0404740
      65      640.000      650.000    0.0389013
      66      650.000      660.000    0.0373644
      67      660.000      670.000    0.0358639
      68      670.000      680.000    0.0344014
      69      680.000      690.000    0.0329769
      70      690.000      700.000    0.0315925
      71      700.000      710.000    0.0302477
      72      710.000      720.000    0.0289432
      73      720.000      730.000    0.0276791
      74      730.000      740.000    0.0264556
      75      740.000      750.000    0.0252880
      76      750.000      760.000    0.0246270
      77      760.000      770.000    0.0250453
      78      770.000      780.000    0.0258420
      79      780.000      790.000    0.0267150
      80      790.000      800.000    0.0259910
      81      800.000      810.000    0.0273619
      82      810.000      820.000    0.0292755
      83      820.000      830.000    0.0317018
      84      830.000      840.000    0.0354912
      85      840.000      850.000    0.0399427
      86      850.000      860.000    0.0467355
      87      860.000      870.000    0.0537563
      88      870.000      880.000    0.0647698
      89      880.000      890.000    0.0700746
      90      890.000      900.000    0.0679196
      91      900.000      910.000    0.0577990
      92      910.000      920.000    0.0538330
      93      920.000      930.000    0.0414031
      94      930.000      940.000    0.0283407
      95      940.000      950.000    0.0196675
      96      950.000      960.000    0.0187427
      97      960.000      970.000    0.0200711
      98      970.000      980.000    0.0151020
      99      980.000      990.000    0.0254506
     100      990.000      1000.00    0.0660928
     101      1000.00      1010.00    0.0694077
     102      1010.00      1020.00    0.0630045
     103      1020.00      1030.00    0.0344794
     104      1030.00      1040.00    0.0186888
     105      1040.00      1050.00    0.0116493
     106      1050.00      1060.00   0.00921069
     107      1060.00      1070.00    0.0100909
     108      1070.00      1080.00   0.00757455
     109      1080.00      1090.00   0.00932313
     110      1090.00      1100.00    0.0289583
     111      1100.00      1110.00    0.0725327
     112      1110.00      1120.00    0.0812603
     113      1120.00      1130.00    0.0807654
     114      1130.00      1140.00    0.0790607
     115      1140.00      1150.00    0.0769489
     116      1150.00      1160.00    0.0360102
     117      1160.00      1170.00    0.0180072
     118      1170.00      1180.00    0.0163208
     119      1180.00      1190.00    0.0160793
     120      1190.00      1200.00    0.0108558
     121      1200.00      1210.00   0.00844403
     122      1210.00      1220.00   0.00571946
     123      1220.00      1230.00   0.00423911
     124      1230.00      1240.00   0.00290385
     125      1240.00      1250.00   0.00204431
     126      1250.00      1260.00   0.00184795
     127      1260.00      1270.00   0.00159067
     128      1270.00      1280.00   0.00142965
     129      1280.00      1290.00   0.00129740
     130      1290.00      1300.00   0.00132820
     131      1300.00      1310.00   0.00138147
     132      1310.00      1320.00   0.00142524
     133      1320.00      1330.00   0.00136741
     134      1330.00      1340.00   0.00123989
     135      1340.00      1350.00   0.00107500
     136      1350.00      1360.00  0.000906427
     137      1360.00      1370.00  0.000837361
     138      1370.00      1380.00  0.000733515
     139      1380.00      1390.00  0.000680392
     140      1390.00      1400.00  0.000653672
     141      1400.00      1410.00  0.000658640
     142      1410.00      1420.00  0.000704991
     143      1420.00      1430.00  0.000754264
     144      1430.00      1440.00  0.000829940
     145      1440.00      1450.00  0.000907242
     146      1450.00      1460.00  0.000965667
     147      1460.00      1470.00  0.000992897
     148      1470.00      1480.00   0.00105645
     149      1480.00      1490.00   0.00118512
     150      1490.00      1500.00   0.00135824
     151      1500.00      1510.00   0.00156489
     152      1510.00      1520.00   0.00245807
     153      1520.00      1530.00   0.00344586
     154      1530.00      1540.00   0.00398768
     155      1540.00      1550.00   0.00586030
     156      1550.00      1560.00    0.0182862
     157      1560.00      1570.00    0.0175988
     158      1570.00      1580.00    0.0169355
     159      1580.00      1590.00    0.0162950
     160      1590.00      1600.00    0.0156769
     161      1600.00      1610.00    0.0150804
     162      1610.00      1620.00    0.0145049
     163      1620.00      1630.00    0.0139498
     164      1630.00      1640.00    0.0134144
     165      1640.00      1650.00    0.0128981
     166      1650.00      1660.00    0.0124003
     167      1660.00      1670.00    0.0119204
     168      1670.00      1680.00    0.0114576
     169      1680.00      1690.00    0.0110122
     170      1690.00      1700.00    0.0105821
     171      1700.00      1710.00    0.0101681
     172      1710.00      1720.00   0.00976797
     173      1720.00      1730.00   0.00938429
     174      1730.00      1740.00   0.00901373
     175      1740.00      1750.00   0.00865580
     176      1750.00      1760.00   0.00831080
     177      1760.00      1770.00   0.00797251
     178      1770.00      1780.00   0.00765236
     179      1780.00      1790.00   0.00734848
     180      1790.00      1800.00   0.00699414
     181      1800.00      1810.00   0.00663352
     182      1810.00      1820.00   0.00615753
     183      1820.00      1830.00   0.00564829
     184      1830.00      1840.00   0.00487560
     185      1840.00      1850.00   0.00274118
     186      1850.00      1860.00  0.000866680
     187      1860.00      1870.00  0.000287071
     188      1870.00      1880.00  0.000117218
     189      1880.00      1890.00  6.66769e-05
     190      1890.00      1900.00  4.14572e-05
     191      1900.00      1910.00  2.57926e-05
     192      1910.00      1920.00  1.93307e-05
     193      1920.00      1930.00  1.87951e-05
     194      1930.00      1940.00  1.99069e-05
     195      1940.00      1950.00  6.14643e-05
     196      1950.00      1960.00  3.62636e-05
     197      1960.00      1970.00  5.56053e-05
     198      1970.00      1980.00  0.000249398
     199      1980.00      1990.00  0.000386793
     200      1990.00      2000.00  0.000231382
     201      2000.00      2010.00  6.79694e-05
     202      2010.00      2020.00  2.21572e-05
     203      2020.00      2030.00  1.38606e-05
     204      2030.00      2040.00  1.06932e-05
     205      2040.00      2050.00  8.03250e-06
     206      2050.00      2060.00  6.66176e-06
     207      2060.00      2070.00  6.19030e-06
     208      2070.00      2080.00  5.76290e-06
     209      2080.00      2090.00  5.47044e-06
     210      2090.00      2100.00  6.87054e-06
     211      2100.00      2110.00  7.70250e-06
     212      2110.00      2120.00  7.91997e-06
     213      2120.00      2130.00  8.76761e-06
     214      2130.00      2140.00  1.10213e-05
     215      2140.00      2150.00  1.11566e-05
     216      2150.00      2160.00  9.13165e-06
     217      2160.00      2170.00  7.32923e-06
     218      2170.00      2180.00  5.93853e-06
     219      2180.00      2190.00  4.63731e-06
     220      2190.00      2200.00  3.61472e-06
     221      2200.00      2210.00  2.85041e-06
     222      2210.00      2220.00  2.30528e-06
     223      2220.00      2230.00  1.98080e-06
     224      2230.00      2240.00  1.81488e-06
     225      2240.00      2250.00  1.68724e-06
     226      2250.00      2260.00  1.56872e-06
     227      2260.00      2270.00  1.45854e-06
     228      2270.00      2280.00  1.35593e-06
     229      2280.00      2290.00  1.26049e-06
     230      2290.00      2300.00  1.17170e-06
     231      2300.00      2310.00  1.08911e-06
     232      2310.00      2320.00  1.01230e-06
     233      2320.00      2330.00  9.40790e-07
     234      2330.00      2340.00  8.74347e-07
     235      2340.00      2350.00  8.12532e-07
     236      2350.00      2360.00  7.55045e-07
     237      2360.00      2370.00  7.01571e-07
     238      2370.00      2380.00  6.51897e-07
     239      2380.00      2390.00  6.05648e-07
     240      2390.00      2400.00  5.62706e-07
     241      2400.00      2410.00  5.22756e-07
     242      2410.00      2420.00  4.85593e-07
     243      2420.00      2430.00  4.51083e-07
     244      2430.00      2440.00  4.18994e-07
     245      2440.00      2450.00  3.89354e-07
     246      2450.00      2460.00  3.64667e-07
     247      2460.00      2470.00  3.53230e-07
     248      2470.00      2480.00  3.57785e-07
     249      2480.00      2490.00  3.62445e-07
     250      2490.00      2500.00  3.76849e-07
     251      2500.00      2510.00  3.96222e-07
     252      2510.00      2520.00  3.90037e-07
     253      2520.00      2530.00  5.00020e-07
     254      2530.00      2540.00  6.20790e-07
     255      2540.00      2550.00  7.49695e-07
     256      2550.00      2560.00  8.98672e-07
     257      2560.00      2570.00  1.08348e-06
     258      2570.00      2580.00  1.27701e-06
     259      2580.00      2590.00  1.11448e-06
     260      2590.00      2600.00  4.83198e-07
     261      2600.00      2610.00  2.87900e-07
     262      2610.00      2620.00  4.99507e-07
     263      2620.00      2630.00  2.34334e-07
     264      2630.00      2640.00  4.24157e-07
     265      2640.00      2650.00  3.72365e-06
     266      2650.00      2660.00  1.03391e-05
     267      2660.00      2670.00  3.97832e-05
     268      2670.00      2680.00  7.94647e-05
     269      2680.00      2690.00  8.81096e-05
     270      2690.00      2700.00  9.11586e-05
     271      2700.00      2710.00  9.68318e-05
     272      2710.00      2720.00  9.15665e-05
     273      2720.00      2730.00  7.65739e-05
     274      2730.00      2740.00  1.95427e-05
     275      2740.00      2750.00  1.64404e-06
     276      2750.00      2760.00  1.00376e-05
     277      2760.00      2770.00  1.02795e-06
     278      2770.00      2780.00  3.18956e-06
     279      2780.00      2790.00  1.62395e-05
     280      2790.00      2800.00  4.01258e-05
     281      2800.00      2810.00  5.52904e-05
     282      2810.00      2820.00  6.71706e-05
     283      2820.00      2830.00  7.00121e-05
     284      2830.00      2840.00  6.89084e-05
     285      2840.00      2850.00  6.65967e-05
     286      2850.00      2860.00  6.37703e-05
     287      2860.00      2870.00  6.09578e-05
     288      2870.00      2880.00  5.81931e-05
     289      2880.00      2890.00  5.55097e-05
     290      2890.00      2900.00  5.29382e-05
     291      2900.00      2910.00  5.04475e-05
     292      2910.00      2920.00  4.81734e-05
     293      2920.00      2930.00  4.59417e-05
     294      2930.00      2940.00  4.38231e-05
     295      2940.00      2950.00  4.16630e-05
     296      2950.00      2960.00  3.91234e-05
     297      2960.00      2970.00  3.56228e-05
     298      2970.00      2980.00  3.24640e-05
     299      2980.00      2990.00  2.59741e-05
     300      2990.00      3000.00  2.75011e-05
     301      3000.00      3010.00  2.98349e-05
     302      3010.00      3020.00  2.96780e-05
     303      3020.00      3030.00  2.85485e-05
     304      3030.00      3040.00  2.72369e-05
     305      3040.00      3050.00  2.59506e-05
     306      3050.00      3060.00  2.47063e-05
     307      3060.00      3070.00  2.35140e-05
     308      3070.00      3080.00  2.23893e-05
     309      3080.00      3090.00  2.09873e-05
     310      3090.00      3100.00  1.81610e-05
     311      3100.00      3110.00  1.42847e-05
     312      3110.00      3120.00  1.49556e-05
     313      3120.00      3130.00  1.41795e-05
     314      3130.00      3140.00  8.84351e-06
     315      3140.00      3150.00  3.70113e-06
     316      3150.00      3160.00  8.04221e-07
     317      3160.00      3170.00  2.53514e-07
     318      3170.00      3180.00  3.71693e-06
     319      3180.00      3190.00  2.35806e-06
     320      3190.00      3200.00  1.16869e-07
     321      3200.00      3210.00  1.27219e-07
     322      3210.00      3220.00  1.50574e-06
     323      3220.00      3230.00  6.39958e-06
     324      3230.00      3240.00  9.36700e-06
     325      3240.00      3250.00  8.40950e-06
     326      3250.00      3260.00  5.86930e-06
     327      3260.00      3270.00  4.16096e-06
     328      3270.00      3280.00  2.97079e-06
     329      3280.00      3290.00  2.17321e-06
     330      3290.00      3300.00  4.70784e-07
     331      3300.00      3310.00  6.07618e-08
     332      3310.00      3320.00  4.82563e-09
     333      3320.00      3330.00  6.19629e-09
     334      3330.00      3340.00  3.10927e-07
     335      3340.00      3350.00  2.17601e-09
     336      3350.00      3360.00  1.06582e-09
     337      3360.00      3370.00  1.70840e-09
     338      3370.00      3380.00  4.15457e-08
     339      3380.00      3390.00  9.99703e-07
     340      3390.00      3400.00  2.59048e-06
     341      3400.00      3410.00  1.55976e-06
     342      3410.00      3420.00  7.48798e-07
     343      3420.00      3430.00  8.46778e-07
     344      3430.00      3440.00  3.21298e-07
     345      3440.00      3450.00  3.76068e-08
     346      3450.00      3460.00  4.92687e-09
     347      3460.00      3470.00  9.61288e-10
     348      3470.00      3480.00  3.06234e-10
     349      3480.00      3490.00  2.04331e-10
     350      3490.00      3500.00  1.56239e-10
