# ============================================================================
# ExoColumn outer-HZ MAXIMUM-GREENHOUSE column
# The exact atmosphere used in the right-hand panel of the radiative-transfer
# benchmark figure (Fig. 2 of the ExoColumn paper; ExoRT n68equiv vs Clima vs
# line-by-line).  Clear sky, no aerosol, no clouds.
#
# Source file : reference/max_greenhouse/exocol_maxgh_8.87bar.nc
# Generated   : make_socrates_handoff.py
#
# This is the S_eff-minimum point of the outer-HZ sweep (Kopparapu et al. 2013
# Fig. 5 analogue): an inverse (prescribed-profile) calculation, NOT an RCE
# solution -- the profile below is an input, and only the fluxes are diagnosed.
#
# SETUP
#   Surface temperature   Ts   = 273.0000 K            (fixed)
#   Surface pressure      ps   = 987503.1980 Pa  = 9.875032 bar
#                              = 8.8700 bar CO2 + 1.0001 bar N2 (+ trace H2O)
#   Gravity               g    = 9.80616 m/s^2          (Earth)
#   Model top             p    = 0.01 Pa
#   Layers                     = 200 (index 1 = TOA, 200 = surface)
#   Dry-air mean mol. wt.      = 42.38907 g/mol
#   Dry-air cp                 = 857.058 J/kg/K
#   Stratosphere               = isothermal at 154 K (CO2-condensation cold trap)
#   Troposphere                = H2O-saturated (RH=1) moist adiabat from Ts,
#                                pinned to the CO2 saturation curve wherever the
#                                ascent supersaturates in CO2 (Kasting 1991),
#                                with cp_CO2 evaluated at the local temperature.
#                                CO2 is kept WELL MIXED (CO2 clouds neglected,
#                                as in Clima).
#   Composition                = CO2 + N2 + trace H2O only.  No O2, O3, CH4.
#
# SHORTWAVE (only if you also want the S_eff comparison; the figure is LW-only)
#   Stellar spectrum      = present-day Sun (G2V), S0 = 1360.0 W/m^2 at 1 AU
#   Surface albedo        = 0.32 (Lambertian, spectrally grey; direct & diffuse)
#   Zenith-angle handling = 6-point Gauss-Legendre hemispheric average, with the
#                           insolation normalised to S0/4.
#
# EXOCOLUMN / ExoRT n68equiv RESULT FOR THIS COLUMN (what SOCRATES should match)
#   OLR   (TOA LW up)     = 75.490  W/m^2
#   TOA SW down           = 339.986  W/m^2
#   TOA SW up             = 148.833  W/m^2   -> planetary albedo = 0.4378
#   Surface LW down       = 315.204  W/m^2
#   Surface SW down       = 161.349  W/m^2
#   S_eff = OLR / (SWdn-SWup) = 0.3949
#   For reference, other models on this same column (0-2000 cm^-1 OLR):
#     Clima, Kopparapu-2013 k-coeffs   69.4 W/m^2
#     Clima, Wolf HITRAN-2016 k-coeffs 72.3 W/m^2
#     ExoRT n68equiv (this work)       75.5 W/m^2
#     LBL, PH89 sub-Lorentzian chi     78.5 W/m^2   (transparent far-wing bound)
#     LBL, pure-Lorentz wings          44.1 W/m^2   (opaque far-wing bound)
#
# NOTE ON MIXING RATIOS: vmr = mole fraction of TOTAL (moist) air, so the three
# columns sum to 1 at every layer.  H2O is a trace species here (<= 2.2e-4 by
# mass), so CO2/N2 are effectively constant with height.
# ============================================================================

# TABLE 1 -- LEVELS (interfaces), index 1 = model top, 201 = surface
#     i        p_level[Pa]     T_level[K]     z_level[m]
      1     1.00000000e-02     154.000000     61204.4528
      2     1.09640925e-02     154.000000     60920.9343
      3     1.20211325e-02     154.000000     60637.4158
      4     1.31800810e-02     154.000000     60353.8973
      5     1.44507627e-02     154.000000     60070.3787
      6     1.58439500e-02     154.000000     59786.8602
      7     1.73714534e-02     154.000000     59503.3417
      8     1.90462223e-02     154.000000     59219.8232
      9     2.08824543e-02     154.000000     58936.3046
     10     2.28957162e-02     154.000000     58652.7861
     11     2.51030751e-02     154.000000     58369.2676
     12     2.75232439e-02     154.000000     58085.7491
     13     3.01767393e-02     154.000000     57802.2305
     14     3.30860562e-02     154.000000     57518.7120
     15     3.62758582e-02     154.000000     57235.1935
     16     3.97731867e-02     154.000000     56951.6750
     17     4.36076899e-02     154.000000     56668.1564
     18     4.78118748e-02     154.000000     56384.6379
     19     5.24213820e-02     154.000000     56101.1194
     20     5.74752883e-02     154.000000     55817.6009
     21     6.30164380e-02     154.000000     55534.0823
     22     6.90918058e-02     154.000000     55250.5638
     23     7.57528953e-02     154.000000     54967.0453
     24     8.30561754e-02     154.000000     54683.5268
     25     9.10635593e-02     154.000000     54400.0082
     26     9.98429292e-02     154.000000     54116.4897
     27     1.09468712e-01     154.000000     53832.9712
     28     1.20022508e-01     154.000000     53549.4527
     29     1.31593789e-01     154.000000     53265.9341
     30     1.44280648e-01     154.000000     52982.4156
     31     1.58190638e-01     154.000000     52698.8971
     32     1.73441679e-01     154.000000     52415.3786
     33     1.90163062e-01     154.000000     52131.8600
     34     2.08496541e-01     154.000000     51848.3415
     35     2.28597537e-01     154.000000     51564.8230
     36     2.50636455e-01     154.000000     51281.3044
     37     2.74800129e-01     154.000000     50997.7859
     38     3.01293404e-01     154.000000     50714.2674
     39     3.30340877e-01     154.000000     50430.7489
     40     3.62188794e-01     154.000000     50147.2303
     41     3.97107146e-01     154.000000     49863.7118
     42     4.35391950e-01     154.000000     49580.1933
     43     4.77367763e-01     154.000000     49296.6748
     44     5.23390433e-01     154.000000     49013.1562
     45     5.73850114e-01     154.000000     48729.6377
     46     6.29174576e-01     154.000000     48446.1192
     47     6.89832827e-01     154.000000     48162.6007
     48     7.56339096e-01     154.000000     47879.0821
     49     8.29257184e-01     154.000000     47595.5636
     50     9.09205251e-01     154.000000     47312.0451
     51     9.96861051e-01     154.000000     47028.5266
     52     1.09296768e+00     154.000000     46745.0080
     53     1.19833988e+00     154.000000     46461.4895
     54     1.31387093e+00     154.000000     46177.9710
     55     1.44054025e+00     154.000000     45894.4525
     56     1.57942166e+00     154.000000     45610.9339
     57     1.73169253e+00     154.000000     45327.4154
     58     1.89864371e+00     154.000000     45043.8969
     59     2.08169054e+00     154.000000     44760.3784
     60     2.28238477e+00     154.000000     44476.8598
     61     2.50242778e+00     154.000000     44193.3413
     62     2.74368498e+00     154.000000     43909.8228
     63     3.00820160e+00     154.000000     43626.3043
     64     3.29822008e+00     154.000000     43342.7857
     65     3.61619901e+00     154.000000     43059.2672
     66     3.96483406e+00     154.000000     42775.7487
     67     4.34708076e+00     154.000000     42492.2302
     68     4.76617957e+00     154.000000     42208.7116
     69     5.22568339e+00     154.000000     41925.1931
     70     5.72948763e+00     154.000000     41641.6746
     71     6.28186326e+00     154.000000     41358.1561
     72     6.88749301e+00     154.000000     41074.6375
     73     7.55151108e+00     154.000000     40791.1190
     74     8.27954663e+00     154.000000     40507.6005
     75     9.07777155e+00     154.000000     40224.0820
     76     9.95295273e+00     154.000000     39940.5634
     77     1.09125095e+01     154.000000     39657.0449
     78     1.19645764e+01     154.000000     39373.5264
     79     1.31180723e+01     154.000000     39090.0079
     80     1.43827758e+01     154.000000     38806.4893
     81     1.57694085e+01     154.000000     38522.9708
     82     1.72897254e+01     154.000000     38239.4523
     83     1.89566150e+01     154.000000     37955.9338
     84     2.07842081e+01     154.000000     37672.4152
     85     2.27879981e+01     154.000000     37388.8967
     86     2.49849720e+01     154.000000     37105.3782
     87     2.73937545e+01     154.000000     36821.8596
     88     3.00347660e+01     154.000000     36538.3411
     89     3.29303954e+01     154.000000     36254.8226
     90     3.61051902e+01     154.000000     35971.3041
     91     3.95860647e+01     154.000000     35687.7855
     92     4.34025276e+01     154.000000     35404.2670
     93     4.75869330e+01     154.000000     35120.7485
     94     5.21747537e+01     154.000000     34837.2300
     95     5.72048828e+01     154.000000     34553.7114
     96     6.27199629e+01     154.000000     34270.1929
     97     6.87667477e+01     154.000000     33986.6744
     98     7.53964986e+01     154.000000     33703.1559
     99     8.26654188e+01     154.000000     33419.6373
    100     9.06351302e+01     154.000000     33136.1188
    101     9.93731955e+01     154.000000     32852.6003
    102     1.08953691e+02     154.000000     32569.0818
    103     1.19457835e+02     154.000000     32285.5632
    104     1.30974676e+02     154.000000     32002.0447
    105     1.43601847e+02     154.000000     31718.5262
    106     1.57446394e+02     154.000000     31435.0077
    107     1.72625683e+02     154.000000     31151.4891
    108     1.89268397e+02     154.000000     30867.9706
    109     2.07515622e+02     154.000000     30584.4521
    110     2.27522048e+02     154.000000     30300.9336
    111     2.49457279e+02     154.000000     30017.4150
    112     2.73507269e+02     154.000000     29733.8965
    113     2.99875901e+02     154.000000     29450.3780
    114     3.28786713e+02     154.000000     29166.8595
    115     3.60484795e+02     154.000000     28883.3409
    116     3.95238865e+02     154.000000     28599.8224
    117     4.33343549e+02     154.000000     28316.3039
    118     4.75121878e+02     154.000000     28032.7854
    119     5.20928024e+02     154.000000     27749.2668
    120     5.71150306e+02     154.000000     27465.7483
    121     6.26214481e+02     154.000000     27182.2298
    122     6.86587352e+02     154.000000     26898.7113
    123     7.52780727e+02     154.000000     26615.1927
    124     8.25355756e+02     154.000000     26331.6742
    125     9.04927688e+02     154.000000     26048.1557
    126     9.92171092e+02     154.000000     25764.6372
    127     1.08782557e+03     154.000000     25481.1186
    128     1.19270202e+03     154.000000     25197.6001
    129     1.30768953e+03     154.000000     24914.0816
    130     1.43376290e+03     154.000000     24630.5631
    131     1.57199092e+03     154.000000     24347.0445
    132     1.72354539e+03     154.446218     24063.1153
    133     1.88971111e+03     155.143519     23778.1333
    134     2.07189675e+03     155.847671     23491.8614
    135     2.27164677e+03     156.558771     23204.2867
    136     2.49065454e+03     157.276920     22915.3963
    137     2.73077669e+03     158.002218     22625.1772
    138     2.99404884e+03     158.734766     22333.6162
    139     3.28270285e+03     159.474668     22040.6997
    140     3.59918579e+03     160.222031     21746.4142
    141     3.94618060e+03     160.976959     21450.7458
    142     4.32662893e+03     161.739562     21153.6805
    143     4.74375600e+03     162.509950     20855.2041
    144     5.20109798e+03     163.288233     20555.3020
    145     5.70253196e+03     164.074526     20253.9598
    146     6.25230881e+03     164.868942     19951.1625
    147     6.85508924e+03     165.671598     19646.8951
    148     7.51598328e+03     166.482611     19341.1423
    149     8.24059363e+03     167.302100     19033.8885
    150     9.03506311e+03     168.130186     18725.1182
    151     9.90612681e+03     168.966991     18414.8152
    152     1.08611691e+04     169.812639     18102.9636
    153     1.19082863e+04     170.667254     17789.5469
    154     1.30563553e+04     171.530963     17474.5484
    155     1.43151088e+04     172.403893     17157.9513
    156     1.56952178e+04     173.286174     16839.7385
    157     1.72083820e+04     174.177936     16519.8926
    158     1.88674293e+04     175.079310     16198.3962
    159     2.06864241e+04     175.990428     15875.2313
    160     2.26807868e+04     176.911425     15550.3799
    161     2.48674245e+04     177.842434     15223.8238
    162     2.72648744e+04     178.783591     14895.5443
    163     2.98934606e+04     179.735033     14565.5226
    164     3.27754668e+04     180.696895     14233.7397
    165     3.59353252e+04     181.669316     13900.1762
    166     3.93998231e+04     182.652433     13564.8126
    167     4.31983306e+04     183.646385     13227.6291
    168     4.73630495e+04     184.651308     12888.6057
    169     5.19292857e+04     185.667342     12547.7218
    170     5.69357494e+04     186.694625     12204.9571
    171     6.24248826e+04     187.733292     11860.2907
    172     6.84432190e+04     188.783482     11513.7014
    173     7.50417787e+04     189.845329     11165.1679
    174     8.22765006e+04     190.918968     10814.6687
    175     9.02087166e+04     192.004533     10462.1819
    176     9.89056717e+04     193.102153     10107.6854
    177     1.08441094e+05     194.211959      9751.1570
    178     1.18895819e+05     195.334075      9392.5740
    179     1.30358476e+05     196.468626      9031.9137
    180     1.42926239e+05     197.615731      8669.1531
    181     1.56705652e+05     198.775505      8304.2690
    182     1.71813527e+05     199.948061      7937.2379
    183     1.88377941e+05     201.133502      7568.0362
    184     2.06539317e+05     202.331930      7196.6401
    185     2.26451619e+05     203.543436      6823.0256
    186     2.48283651e+05     204.768106      6447.1686
    187     2.72220492e+05     206.006014      6069.0447
    188     2.98465067e+05     207.257225      5688.6295
    189     3.27239861e+05     208.733430      5305.7036
    190     3.58788812e+05     213.703711      4916.8434
    191     3.93379374e+05     218.755689      4518.7572
    192     4.31304786e+05     223.888337      4111.2951
    193     4.72886559e+05     229.100074      3694.3094
    194     5.18477200e+05     234.388511      3267.6560
    195     5.68463200e+05     239.750113      2831.1952
    196     6.23268313e+05     245.179788      2384.7948
    197     6.83357146e+05     250.670386      1928.3325
    198     7.49239099e+05     256.212179      1461.6999
    199     8.21472682e+05     261.792376       984.8067
    200     9.00670251e+05     267.394818       497.5861
    201     9.87503198e+05     273.000000         0.0000


# TABLE 2 -- LAYERS (midpoints), index 1 = top layer, 200 = surface layer
#     k        p_layer[Pa]     T_layer[K]          vmr_CO2           vmr_N2          vmr_H2O      mw[g/mol]
      1     1.04820463e-02     154.000000  8.986749354e-01  1.013250542e-01  1.045393898e-08   42388.694029
      2     1.14926125e-02     154.000000  8.986749354e-01  1.013250542e-01  1.045393898e-08   42388.694029
      3     1.26006067e-02     154.000000  8.986749354e-01  1.013250542e-01  1.045393898e-08   42388.694029
      4     1.38154218e-02     154.000000  8.986749354e-01  1.013250542e-01  1.045393898e-08   42388.694029
      5     1.51473564e-02     154.000000  8.986749354e-01  1.013250542e-01  1.045393898e-08   42388.694029
      6     1.66077017e-02     154.000000  8.986749354e-01  1.013250542e-01  1.045393898e-08   42388.694029
      7     1.82088378e-02     154.000000  8.986749354e-01  1.013250542e-01  1.045393898e-08   42388.694029
      8     1.99643383e-02     154.000000  8.986749354e-01  1.013250542e-01  1.045393898e-08   42388.694029
      9     2.18890853e-02     154.000000  8.986749354e-01  1.013250542e-01  1.045393898e-08   42388.694029
     10     2.39993956e-02     154.000000  8.986749354e-01  1.013250542e-01  1.045393898e-08   42388.694029
     11     2.63131595e-02     154.000000  8.986749354e-01  1.013250542e-01  1.045393898e-08   42388.694029
     12     2.88499916e-02     154.000000  8.986749354e-01  1.013250542e-01  1.045393898e-08   42388.694029
     13     3.16313977e-02     154.000000  8.986749354e-01  1.013250542e-01  1.045393898e-08   42388.694029
     14     3.46809572e-02     154.000000  8.986749354e-01  1.013250542e-01  1.045393898e-08   42388.694029
     15     3.80245224e-02     154.000000  8.986749354e-01  1.013250542e-01  1.045393898e-08   42388.694029
     16     4.16904383e-02     154.000000  8.986749354e-01  1.013250542e-01  1.045393898e-08   42388.694029
     17     4.57097823e-02     154.000000  8.986749354e-01  1.013250542e-01  1.045393898e-08   42388.694029
     18     5.01166284e-02     154.000000  8.986749354e-01  1.013250542e-01  1.045393898e-08   42388.694029
     19     5.49483351e-02     154.000000  8.986749354e-01  1.013250542e-01  1.045393898e-08   42388.694029
     20     6.02458632e-02     154.000000  8.986749354e-01  1.013250542e-01  1.045393898e-08   42388.694029
     21     6.60541219e-02     154.000000  8.986749354e-01  1.013250542e-01  1.045393898e-08   42388.694029
     22     7.24223505e-02     154.000000  8.986749354e-01  1.013250542e-01  1.045393898e-08   42388.694029
     23     7.94045353e-02     154.000000  8.986749354e-01  1.013250542e-01  1.045393898e-08   42388.694029
     24     8.70598674e-02     154.000000  8.986749354e-01  1.013250542e-01  1.045393898e-08   42388.694029
     25     9.54532443e-02     154.000000  8.986749354e-01  1.013250542e-01  1.045393898e-08   42388.694029
     26     1.04655820e-01     154.000000  8.986749354e-01  1.013250542e-01  1.045393898e-08   42388.694029
     27     1.14745610e-01     154.000000  8.986749354e-01  1.013250542e-01  1.045393898e-08   42388.694029
     28     1.25808149e-01     154.000000  8.986749354e-01  1.013250542e-01  1.045393898e-08   42388.694029
     29     1.37937218e-01     154.000000  8.986749354e-01  1.013250542e-01  1.045393898e-08   42388.694029
     30     1.51235643e-01     154.000000  8.986749354e-01  1.013250542e-01  1.045393898e-08   42388.694029
     31     1.65816158e-01     154.000000  8.986749354e-01  1.013250542e-01  1.045393898e-08   42388.694029
     32     1.81802371e-01     154.000000  8.986749354e-01  1.013250542e-01  1.045393898e-08   42388.694029
     33     1.99329801e-01     154.000000  8.986749354e-01  1.013250542e-01  1.045393898e-08   42388.694029
     34     2.18547039e-01     154.000000  8.986749354e-01  1.013250542e-01  1.045393898e-08   42388.694029
     35     2.39616996e-01     154.000000  8.986749354e-01  1.013250542e-01  1.045393898e-08   42388.694029
     36     2.62718292e-01     154.000000  8.986749354e-01  1.013250542e-01  1.045393898e-08   42388.694029
     37     2.88046767e-01     154.000000  8.986749354e-01  1.013250542e-01  1.045393898e-08   42388.694029
     38     3.15817140e-01     154.000000  8.986749354e-01  1.013250542e-01  1.045393898e-08   42388.694029
     39     3.46264835e-01     154.000000  8.986749354e-01  1.013250542e-01  1.045393898e-08   42388.694029
     40     3.79647970e-01     154.000000  8.986749354e-01  1.013250542e-01  1.045393898e-08   42388.694029
     41     4.16249548e-01     154.000000  8.986749354e-01  1.013250542e-01  1.045393898e-08   42388.694029
     42     4.56379856e-01     154.000000  8.986749354e-01  1.013250542e-01  1.045393898e-08   42388.694029
     43     5.00379098e-01     154.000000  8.986749354e-01  1.013250542e-01  1.045393898e-08   42388.694029
     44     5.48620273e-01     154.000000  8.986749354e-01  1.013250542e-01  1.045393898e-08   42388.694029
     45     6.01512345e-01     154.000000  8.986749354e-01  1.013250542e-01  1.045393898e-08   42388.694029
     46     6.59503702e-01     154.000000  8.986749354e-01  1.013250542e-01  1.045393898e-08   42388.694029
     47     7.23085962e-01     154.000000  8.986749354e-01  1.013250542e-01  1.045393898e-08   42388.694029
     48     7.92798140e-01     154.000000  8.986749354e-01  1.013250542e-01  1.045393898e-08   42388.694029
     49     8.69231217e-01     154.000000  8.986749354e-01  1.013250542e-01  1.045393898e-08   42388.694029
     50     9.53033151e-01     154.000000  8.986749354e-01  1.013250542e-01  1.045393898e-08   42388.694029
     51     1.04491437e+00     154.000000  8.986749354e-01  1.013250542e-01  1.045393898e-08   42388.694029
     52     1.14565378e+00     154.000000  8.986749354e-01  1.013250542e-01  1.045393898e-08   42388.694029
     53     1.25610541e+00     154.000000  8.986749354e-01  1.013250542e-01  1.045393898e-08   42388.694029
     54     1.37720559e+00     154.000000  8.986749354e-01  1.013250542e-01  1.045393898e-08   42388.694029
     55     1.50998096e+00     154.000000  8.986749354e-01  1.013250542e-01  1.045393898e-08   42388.694029
     56     1.65555710e+00     154.000000  8.986749354e-01  1.013250542e-01  1.045393898e-08   42388.694029
     57     1.81516812e+00     154.000000  8.986749354e-01  1.013250542e-01  1.045393898e-08   42388.694029
     58     1.99016713e+00     154.000000  8.986749354e-01  1.013250542e-01  1.045393898e-08   42388.694029
     59     2.18203765e+00     154.000000  8.986749354e-01  1.013250542e-01  1.045393898e-08   42388.694029
     60     2.39240628e+00     154.000000  8.986749354e-01  1.013250542e-01  1.045393898e-08   42388.694029
     61     2.62305638e+00     154.000000  8.986749354e-01  1.013250542e-01  1.045393898e-08   42388.694029
     62     2.87594329e+00     154.000000  8.986749354e-01  1.013250542e-01  1.045393898e-08   42388.694029
     63     3.15321084e+00     154.000000  8.986749354e-01  1.013250542e-01  1.045393898e-08   42388.694029
     64     3.45720955e+00     154.000000  8.986749354e-01  1.013250542e-01  1.045393898e-08   42388.694029
     65     3.79051654e+00     154.000000  8.986749354e-01  1.013250542e-01  1.045393898e-08   42388.694029
     66     4.15595741e+00     154.000000  8.986749354e-01  1.013250542e-01  1.045393898e-08   42388.694029
     67     4.55663017e+00     154.000000  8.986749354e-01  1.013250542e-01  1.045393898e-08   42388.694029
     68     4.99593148e+00     154.000000  8.986749354e-01  1.013250542e-01  1.045393898e-08   42388.694029
     69     5.47758551e+00     154.000000  8.986749354e-01  1.013250542e-01  1.045393898e-08   42388.694029
     70     6.00567545e+00     154.000000  8.986749354e-01  1.013250542e-01  1.045393898e-08   42388.694029
     71     6.58467814e+00     154.000000  8.986749354e-01  1.013250542e-01  1.045393898e-08   42388.694029
     72     7.21950205e+00     154.000000  8.986749354e-01  1.013250542e-01  1.045393898e-08   42388.694029
     73     7.91552885e+00     154.000000  8.986749354e-01  1.013250542e-01  1.045393898e-08   42388.694029
     74     8.67865909e+00     154.000000  8.986749354e-01  1.013250542e-01  1.045393898e-08   42388.694029
     75     9.51536214e+00     154.000000  8.986749354e-01  1.013250542e-01  1.045393898e-08   42388.694029
     76     1.04327311e+01     154.000000  8.986749354e-01  1.013250542e-01  1.045393898e-08   42388.694029
     77     1.14385429e+01     154.000000  8.986749354e-01  1.013250542e-01  1.045393898e-08   42388.694029
     78     1.25413243e+01     154.000000  8.986749354e-01  1.013250542e-01  1.045393898e-08   42388.694029
     79     1.37504241e+01     154.000000  8.986749354e-01  1.013250542e-01  1.045393898e-08   42388.694029
     80     1.50760922e+01     154.000000  8.986749354e-01  1.013250542e-01  1.045393898e-08   42388.694029
     81     1.65295670e+01     154.000000  8.986749354e-01  1.013250542e-01  1.045393898e-08   42388.694029
     82     1.81231702e+01     154.000000  8.986749354e-01  1.013250542e-01  1.045393898e-08   42388.694029
     83     1.98704115e+01     154.000000  8.986749354e-01  1.013250542e-01  1.045393898e-08   42388.694029
     84     2.17861031e+01     154.000000  8.986749354e-01  1.013250542e-01  1.045393898e-08   42388.694029
     85     2.38864850e+01     154.000000  8.986749354e-01  1.013250542e-01  1.045393898e-08   42388.694029
     86     2.61893633e+01     154.000000  8.986749354e-01  1.013250542e-01  1.045393898e-08   42388.694029
     87     2.87142602e+01     154.000000  8.986749354e-01  1.013250542e-01  1.045393898e-08   42388.694029
     88     3.14825807e+01     154.000000  8.986749354e-01  1.013250542e-01  1.045393898e-08   42388.694029
     89     3.45177928e+01     154.000000  8.986749354e-01  1.013250542e-01  1.045393898e-08   42388.694029
     90     3.78456274e+01     154.000000  8.986749354e-01  1.013250542e-01  1.045393898e-08   42388.694029
     91     4.14942962e+01     154.000000  8.986749354e-01  1.013250542e-01  1.045393898e-08   42388.694029
     92     4.54947303e+01     154.000000  8.986749354e-01  1.013250542e-01  1.045393898e-08   42388.694029
     93     4.98808433e+01     154.000000  8.986749354e-01  1.013250542e-01  1.045393898e-08   42388.694029
     94     5.46898182e+01     154.000000  8.986749354e-01  1.013250542e-01  1.045393898e-08   42388.694029
     95     5.99624228e+01     154.000000  8.986749354e-01  1.013250542e-01  1.045393898e-08   42388.694029
     96     6.57433553e+01     154.000000  8.986749354e-01  1.013250542e-01  1.045393898e-08   42388.694029
     97     7.20816232e+01     154.000000  8.986749354e-01  1.013250542e-01  1.045393898e-08   42388.694029
     98     7.90309587e+01     154.000000  8.986749354e-01  1.013250542e-01  1.045393898e-08   42388.694029
     99     8.66502745e+01     154.000000  8.986749354e-01  1.013250542e-01  1.045393898e-08   42388.694029
    100     9.50041628e+01     154.000000  8.986749354e-01  1.013250542e-01  1.045393898e-08   42388.694029
    101     1.04163443e+02     154.000000  8.986749354e-01  1.013250542e-01  1.045393898e-08   42388.694029
    102     1.14205763e+02     154.000000  8.986749354e-01  1.013250542e-01  1.045393898e-08   42388.694029
    103     1.25216256e+02     154.000000  8.986749354e-01  1.013250542e-01  1.045393898e-08   42388.694029
    104     1.37288262e+02     154.000000  8.986749354e-01  1.013250542e-01  1.045393898e-08   42388.694029
    105     1.50524120e+02     154.000000  8.986749354e-01  1.013250542e-01  1.045393898e-08   42388.694029
    106     1.65036039e+02     154.000000  8.986749354e-01  1.013250542e-01  1.045393898e-08   42388.694029
    107     1.80947040e+02     154.000000  8.986749354e-01  1.013250542e-01  1.045393898e-08   42388.694029
    108     1.98392009e+02     154.000000  8.986749354e-01  1.013250542e-01  1.045393898e-08   42388.694029
    109     2.17518835e+02     154.000000  8.986749354e-01  1.013250542e-01  1.045393898e-08   42388.694029
    110     2.38489664e+02     154.000000  8.986749354e-01  1.013250542e-01  1.045393898e-08   42388.694029
    111     2.61482274e+02     154.000000  8.986749354e-01  1.013250542e-01  1.045393898e-08   42388.694029
    112     2.86691585e+02     154.000000  8.986749354e-01  1.013250542e-01  1.045393898e-08   42388.694029
    113     3.14331307e+02     154.000000  8.986749354e-01  1.013250542e-01  1.045393898e-08   42388.694029
    114     3.44635754e+02     154.000000  8.986749354e-01  1.013250542e-01  1.045393898e-08   42388.694029
    115     3.77861830e+02     154.000000  8.986749354e-01  1.013250542e-01  1.045393898e-08   42388.694029
    116     4.14291207e+02     154.000000  8.986749354e-01  1.013250542e-01  1.045393898e-08   42388.694029
    117     4.54232714e+02     154.000000  8.986749354e-01  1.013250542e-01  1.045393898e-08   42388.694029
    118     4.98024951e+02     154.000000  8.986749354e-01  1.013250542e-01  1.045393898e-08   42388.694029
    119     5.46039165e+02     154.000000  8.986749354e-01  1.013250542e-01  1.045393898e-08   42388.694029
    120     5.98682394e+02     154.000000  8.986749354e-01  1.013250542e-01  1.045393898e-08   42388.694029
    121     6.56400917e+02     154.000000  8.986749354e-01  1.013250542e-01  1.045393898e-08   42388.694029
    122     7.19684040e+02     154.000000  8.986749354e-01  1.013250542e-01  1.045393898e-08   42388.694029
    123     7.89068241e+02     154.000000  8.986749354e-01  1.013250542e-01  1.045393898e-08   42388.694029
    124     8.65141722e+02     154.000000  8.986749354e-01  1.013250542e-01  1.045393898e-08   42388.694029
    125     9.48549390e+02     154.000000  8.986749354e-01  1.013250542e-01  1.045393898e-08   42388.694029
    126     1.03999833e+03     154.000000  8.986749354e-01  1.013250542e-01  1.045393898e-08   42388.694029
    127     1.14026379e+03     154.000000  8.986749354e-01  1.013250542e-01  1.045393898e-08   42388.694029
    128     1.25019577e+03     154.000000  8.986749354e-01  1.013250542e-01  1.045393898e-08   42388.694029
    129     1.37072622e+03     154.000000  8.986749354e-01  1.013250542e-01  1.045393898e-08   42388.694029
    130     1.50287691e+03     154.000000  8.986749354e-01  1.013250542e-01  1.045393898e-08   42388.694029
    131     1.64776815e+03     154.223109  8.986749350e-01  1.013250541e-01  1.091641983e-08   42388.694018
    132     1.80662825e+03     154.794868  8.986749344e-01  1.013250541e-01  1.153442704e-08   42388.694003
    133     1.98080393e+03     155.495595  8.986749335e-01  1.013250540e-01  1.258003489e-08   42388.693977
    134     2.17177176e+03     156.203221  8.986749324e-01  1.013250538e-01  1.372224928e-08   42388.693950
    135     2.38115066e+03     156.917846  8.986749313e-01  1.013250537e-01  1.497014549e-08   42388.693919
    136     2.61071562e+03     157.639569  8.986749301e-01  1.013250536e-01  1.633366237e-08   42388.693886
    137     2.86241276e+03     158.368492  8.986749287e-01  1.013250534e-01  1.782368512e-08   42388.693850
    138     3.13837584e+03     159.104717  8.986749273e-01  1.013250533e-01  1.945213595e-08   42388.693810
    139     3.44094432e+03     159.848350  8.986749257e-01  1.013250531e-01  2.123207346e-08   42388.693766
    140     3.77268319e+03     160.599495  8.986749239e-01  1.013250529e-01  2.317780147e-08   42388.693719
    141     4.13640477e+03     161.358261  8.986749220e-01  1.013250527e-01  2.530498819e-08   42388.693667
    142     4.53519247e+03     162.124756  8.986749199e-01  1.013250524e-01  2.763079676e-08   42388.693611
    143     4.97242699e+03     162.899092  8.986749177e-01  1.013250522e-01  3.017402816e-08   42388.693549
    144     5.45181497e+03     163.681380  8.986749152e-01  1.013250519e-01  3.295527763e-08   42388.693481
    145     5.97742038e+03     164.471734  8.986749124e-01  1.013250516e-01  3.599710587e-08   42388.693407
    146     6.55369903e+03     165.270270  8.986749094e-01  1.013250512e-01  3.932422633e-08   42388.693326
    147     7.18553626e+03     166.077104  8.986749062e-01  1.013250509e-01  4.296371008e-08   42388.693237
    148     7.87828845e+03     166.892355  8.986749026e-01  1.013250505e-01  4.694520986e-08   42388.693140
    149     8.63782837e+03     167.716143  8.986748987e-01  1.013250500e-01  5.130120494e-08   42388.693034
    150     9.47059496e+03     168.548588  8.986748944e-01  1.013250496e-01  5.606726872e-08   42388.692917
    151     1.03836480e+04     169.389815  8.986748897e-01  1.013250490e-01  6.128236106e-08   42388.692790
    152     1.13847277e+04     170.239946  8.986748846e-01  1.013250484e-01  6.698914744e-08   42388.692651
    153     1.24823208e+04     171.099108  8.986748790e-01  1.013250478e-01  7.323434729e-08   42388.692499
    154     1.36857321e+04     171.967428  8.986748728e-01  1.013250471e-01  8.006911402e-08   42388.692332
    155     1.50051633e+04     172.845034  8.986748661e-01  1.013250464e-01  8.754944930e-08   42388.692150
    156     1.64517999e+04     173.732055  8.986748587e-01  1.013250455e-01  9.573665457e-08   42388.691951
    157     1.80379056e+04     174.628623  8.986748507e-01  1.013250446e-01  1.046978227e-07   42388.691732
    158     1.97769267e+04     175.534869  8.986748419e-01  1.013250436e-01  1.145063733e-07   42388.691493
    159     2.16836054e+04     176.450926  8.986748322e-01  1.013250425e-01  1.252426344e-07   42388.691231
    160     2.37741057e+04     177.376929  8.986748217e-01  1.013250414e-01  1.369944750e-07   42388.690945
    161     2.60661495e+04     178.313013  8.986748101e-01  1.013250400e-01  1.498579923e-07   42388.690631
    162     2.85791675e+04     179.259312  8.986747974e-01  1.013250386e-01  1.639382564e-07   42388.690288
    163     3.13344637e+04     180.215964  8.986747836e-01  1.013250371e-01  1.793501180e-07   42388.689913
    164     3.43553960e+04     181.183106  8.986747684e-01  1.013250354e-01  1.962190831e-07   42388.689501
    165     3.76675741e+04     182.160875  8.986747518e-01  1.013250335e-01  2.146822587e-07   42388.689051
    166     4.12990768e+04     183.149409  8.986747337e-01  1.013250314e-01  2.348893750e-07   42388.688559
    167     4.52806900e+04     184.148847  8.986747138e-01  1.013250292e-01  2.570038874e-07   42388.688020
    168     4.96461676e+04     185.159325  8.986746921e-01  1.013250267e-01  2.812041647e-07   42388.687430
    169     5.44325176e+04     186.180983  8.986746683e-01  1.013250241e-01  3.076847669e-07   42388.686785
    170     5.96803160e+04     187.213958  8.986746422e-01  1.013250211e-01  3.366578173e-07   42388.686078
    171     6.54340508e+04     188.258387  8.986746137e-01  1.013250179e-01  3.683544738e-07   42388.685306
    172     7.17424988e+04     189.314405  8.986745826e-01  1.013250144e-01  4.030265029e-07   42388.684461
    173     7.86591396e+04     190.382149  8.986745485e-01  1.013250106e-01  4.409479601e-07   42388.683537
    174     8.62426086e+04     191.461751  8.986745112e-01  1.013250064e-01  4.824169790e-07   42388.682526
    175     9.45571942e+04     192.553343  8.986744705e-01  1.013250018e-01  5.277576721e-07   42388.681421
    176     1.03673383e+05     193.657056  8.986744259e-01  1.013249967e-01  5.773221434e-07   42388.680213
    177     1.13668456e+05     194.773017  8.986743773e-01  1.013249912e-01  6.314926120e-07   42388.678892
    178     1.24627147e+05     195.901351  8.986743241e-01  1.013249852e-01  6.906836447e-07   42388.677450
    179     1.36642358e+05     197.042178  8.986742660e-01  1.013249787e-01  7.553444929e-07   42388.675874
    180     1.49815946e+05     198.195618  8.986742025e-01  1.013249715e-01  8.259615255e-07   42388.674152
    181     1.64259589e+05     199.361783  8.986741332e-01  1.013249637e-01  9.030607466e-07   42388.672273
    182     1.80095734e+05     200.540782  8.986740576e-01  1.013249552e-01  9.872103821e-07   42388.670222
    183     1.97458629e+05     201.732716  8.986739751e-01  1.013249459e-01  1.079023512e-06   42388.667985
    184     2.16495468e+05     202.937683  8.986738851e-01  1.013249358e-01  1.179160720e-06   42388.665544
    185     2.37367635e+05     204.155771  8.986737870e-01  1.013249247e-01  1.288332714e-06   42388.662883
    186     2.60252071e+05     205.387060  8.986736801e-01  1.013249126e-01  1.407302872e-06   42388.659983
    187     2.85342780e+05     206.631619  8.986735636e-01  1.013248995e-01  1.536889621e-06   42388.656825
    188     3.12852464e+05     207.995327  8.986734140e-01  1.013248826e-01  1.703382077e-06   42388.652767
    189     3.43014337e+05     211.218570  8.986727537e-01  1.013248082e-01  2.438112599e-06   42388.634859
    190     3.76084093e+05     216.229700  8.986710240e-01  1.013246132e-01  4.362828422e-06   42388.587947
    191     4.12342080e+05     221.322013  8.986680701e-01  1.013242801e-01  7.649736653e-06   42388.507834
    192     4.52095673e+05     226.494206  8.986631276e-01  1.013237229e-01  1.314957612e-05   42388.373784
    193     4.95681880e+05     231.744293  8.986550215e-01  1.013228089e-01  2.216957651e-05   42388.153936
    194     5.43470200e+05     237.069312  8.986419882e-01  1.013213394e-01  3.667239210e-05   42387.800453
    195     5.95865757e+05     242.464951  8.986214429e-01  1.013190229e-01  5.953417007e-05   42387.243233
    196     6.53312730e+05     247.925087  8.985896948e-01  1.013154434e-01  9.486180157e-05   42386.382178
    197     7.16298123e+05     253.441283  8.985416217e-01  1.013100231e-01  1.483551528e-04   42385.078362
    198     7.85355891e+05     259.002278  8.984703374e-01  1.013019859e-01  2.276767763e-04   42383.145024
    199     8.61071466e+05     264.593597  8.983669150e-01  1.012903251e-01  3.427599448e-04   42380.340054
    200     9.44086724e+05     270.197409  8.982202578e-01  1.012737896e-01  5.059526030e-04   42376.362492


# TABLE 3 -- LAYER COLUMN AMOUNTS [molec/cm^2] (cross-check only;
#            derived from Table 2 with g = 9.80616 m/s^2)
#     k              N_CO2               N_N2              N_H2O
      1     1.25522981e+17     1.41526400e+16     1.46016043e+09
      2     1.37624558e+17     1.55170854e+16     1.60093341e+09
      3     1.50892839e+17     1.70130761e+16     1.75527821e+09
      4     1.65440305e+17     1.86532941e+16     1.92450327e+09
      5     1.81390281e+17     2.04516442e+16     2.11004319e+09
      6     1.98877983e+17     2.24233720e+16     2.31347088e+09
      7     2.18051661e+17     2.45851926e+16     2.53651089e+09
      8     2.39073859e+17     2.69554327e+16     2.78105401e+09
      9     2.62122791e+17     2.95541858e+16     3.04917335e+09
     10     2.87393854e+17     3.24034828e+16     3.34314188e+09
     11     3.15101281e+17     3.55274784e+16     3.66545170e+09
     12     3.45479961e+17     3.89526561e+16     4.01883516e+09
     13     3.78787426e+17     4.27080527e+16     4.40628806e+09
     14     4.15306040e+17     4.68255042e+16     4.83109501e+09
     15     4.55345385e+17     5.13399161e+16     5.29685728e+09
     16     4.99244894e+17     5.62895592e+16     5.80752334e+09
     17     5.47376722e+17     6.17163936e+16     6.36742233e+09
     18     6.00148904e+17     6.76664251e+16     6.98130077e+09
     19     6.58008812e+17     7.41900946e+16     7.65436277e+09
     20     7.21446951e+17     8.13427063e+16     8.39231418e+09
     21     7.91001113e+17     8.91848960e+16     9.20141093e+09
     22     8.67260941e+17     9.77831453e+16     1.00885121e+10
     23     9.50872921e+17     1.07210345e+17     1.10611380e+10
     24     1.04254587e+18     1.17546415e+17     1.21275341e+10
     25     1.14305694e+18     1.28878977e+17     1.32967406e+10
     26     1.25325821e+18     1.41304103e+17     1.45786695e+10
     27     1.37408390e+18     1.54927126e+17     1.59841881e+10
     28     1.50655830e+18     1.69863535e+17     1.75252118e+10
     29     1.65180446e+18     1.86239952e+17     1.92148044e+10
     30     1.81105370e+18     2.04195207e+17     2.10672893e+10
     31     1.98565604e+18     2.23881514e+17     2.30983710e+10
     32     2.17709165e+18     2.45465764e+17     2.53252677e+10
     33     2.38698344e+18     2.69130935e+17     2.77668579e+10
     34     2.61711073e+18     2.95077648e+17     3.04438399e+10
     35     2.86942442e+18     3.23525864e+17     3.33789078e+10
     36     3.14606349e+18     3.54716751e+17     3.65969434e+10
     37     3.44937313e+18     3.88914729e+17     4.01252275e+10
     38     3.78192462e+18     4.26409708e+17     4.39936707e+10
     39     4.14653715e+18     4.67519550e+17     4.82350677e+10
     40     4.54630170e+18     5.12592761e+17     5.28853746e+10
     41     4.98460726e+18     5.62011447e+17     5.79840141e+10
     42     5.46516953e+18     6.16194551e+17     6.35742097e+10
     43     5.99206245e+18     6.75601409e+17     6.97033519e+10
     44     6.56975272e+18     7.40735637e+17     7.64234000e+10
     45     7.20313768e+18     8.12149407e+17     8.37913230e+10
     46     7.89758681e+18     8.90448126e+17     9.18695820e+10
     47     8.65898727e+18     9.76295565e+17     1.00726660e+11
     48     9.49379377e+18     1.07041949e+18     1.10437642e+11
     49     1.04090834e+19     1.17361784e+18     1.21084853e+11
     50     1.14126153e+19     1.28676546e+18     1.32758553e+11
     51     1.25128970e+19     1.41082156e+18     1.45557706e+11
     52     1.37192561e+19     1.54683781e+18     1.59590816e+11
     53     1.50419194e+19     1.69596729e+18     1.74976848e+11
     54     1.64920996e+19     1.85947423e+18     1.91846235e+11
     55     1.80820906e+19     2.03874476e+18     2.10341988e+11
     56     1.98253715e+19     2.23529862e+18     2.30620902e+11
     57     2.17367208e+19     2.45080209e+18     2.52854891e+11
     58     2.38323418e+19     2.68708209e+18     2.77232442e+11
     59     2.61300001e+19     2.94614167e+18     3.03960215e+11
     60     2.86491739e+19     3.23017699e+18     3.33264793e+11
     61     3.14112194e+19     3.54159595e+18     3.65394603e+11
     62     3.44395517e+19     3.88303857e+18     4.00622024e+11
     63     3.77598432e+19     4.25739943e+18     4.39245695e+11
     64     4.14002415e+19     4.66785213e+18     4.81593045e+11
     65     4.53916079e+19     5.11787627e+18     5.28023071e+11
     66     4.97677790e+19     5.61128691e+18     5.78929382e+11
     67     5.45658534e+19     6.15226690e+18     6.34743532e+11
     68     5.98265067e+19     6.74540236e+18     6.95938682e+11
     69     6.55943356e+19     7.39572157e+18     7.63033612e+11
     70     7.19182365e+19     8.10873757e+18     8.36597113e+11
     71     7.88518201e+19     8.89049491e+18     9.17252817e+11
     72     8.64538653e+19     9.74762090e+18     1.00568448e+12
     73     9.47888179e+19     1.06873818e+19     1.10264177e+12
     74     1.03927337e+20     1.17177443e+19     1.20894664e+12
     75     1.13946894e+20     1.28474433e+19     1.32550028e+12
     76     1.24932429e+20     1.40860557e+19     1.45329078e+12
     77     1.36977072e+20     1.54440818e+19     1.59340146e+12
     78     1.50182929e+20     1.69330342e+19     1.74702010e+12
     79     1.64661953e+20     1.85655354e+19     1.91544901e+12
     80     1.80536889e+20     2.03554248e+19     2.10011602e+12
     81     1.97942316e+20     2.23178762e+19     2.30258664e+12
     82     2.17025787e+20     2.44695260e+19     2.52457730e+12
     83     2.37949082e+20     2.68286147e+19     2.76796991e+12
     84     2.60889575e+20     2.94151414e+19     3.03482783e+12
     85     2.86041745e+20     3.22510333e+19     3.32741331e+12
     86     3.13618816e+20     3.53603314e+19     3.64820675e+12
     87     3.43854572e+20     3.87693945e+19     3.99992764e+12
     88     3.77005335e+20     4.25071230e+19     4.38555768e+12
     89     4.13352138e+20     4.66052030e+19     4.80836603e+12
     90     4.53203109e+20     5.10983758e+19     5.27193701e+12
     91     4.96896083e+20     5.60247322e+19     5.78020053e+12
     92     5.44801464e+20     6.14260348e+19     6.33746535e+12
     93     5.97325367e+20     6.73480730e+19     6.94845566e+12
     94     6.54913060e+20     7.38410505e+19     7.61835109e+12
     95     7.18052740e+20     8.09600111e+19     8.35283063e+12
     96     7.87279669e+20     8.87653054e+19     9.15812081e+12
     97     8.63180715e+20     9.73231023e+19     1.00410484e+13
     98     9.46399324e+20     1.06705950e+20     1.10090984e+13
     99     1.03764098e+21     1.16993391e+20     1.20704774e+13
    100     1.13767917e+21     1.28272637e+20     1.32341831e+13
    101     1.24736197e+21     1.40639306e+20     1.45100808e+13
    102     1.36761921e+21     1.54198237e+20     1.59089869e+13
    103     1.49947036e+21     1.69064374e+20     1.74427604e+13
    104     1.64403317e+21     1.85363744e+20     1.91244040e+13
    105     1.80253319e+21     2.03234524e+20     2.09681735e+13
    106     1.97631407e+21     2.22828213e+20     2.29896994e+13
    107     2.16684903e+21     2.44310915e+20     2.52061192e+13
    108     2.37575333e+21     2.67864748e+20     2.76362224e+13
    109     2.60479794e+21     2.93689388e+20     3.03006100e+13
    110     2.85592456e+21     3.22003763e+20     3.32218692e+13
    111     3.13126212e+21     3.53047906e+20     3.64247648e+13
    112     3.43314477e+21     3.87084991e+20     3.99364492e+13
    113     3.76413170e+21     4.24403567e+20     4.37866925e+13
    114     4.12702882e+21     4.65319998e+20     4.80081349e+13
    115     4.52491260e+21     5.10181152e+20     5.26365634e+13
    116     4.96115605e+21     5.59367337e+20     5.77112152e+13
    117     5.43945740e+21     6.13295524e+20     6.32751104e+13
    118     5.96387143e+21     6.72422888e+20     6.93754166e+13
    119     6.53884383e+21     7.37250678e+20     7.60638488e+13
    120     7.16924889e+21     8.08328466e+20     8.33971078e+13
    121     7.86043082e+21     8.86258810e+20     9.14373607e+13
    122     8.61824910e+21     9.71702361e+20     1.00252768e+14
    123     9.44912807e+21     1.06538346e+21     1.09918063e+14
    124     1.03601115e+22     1.16809629e+21     1.20515182e+14
    125     1.13589221e+22     1.28071158e+21     1.32133960e+14
    126     1.24540273e+22     1.40418403e+21     1.44872897e+14
    127     1.36547108e+22     1.53956036e+21     1.58839985e+14
    128     1.49711512e+22     1.68798823e+21     1.74153629e+14
    129     1.64145088e+22     1.85072591e+21     1.90943651e+14
    130     1.79970193e+22     2.02915302e+21     2.09352386e+14
    131     1.97320985e+22     2.22478215e+21     2.39690530e+14
    132     2.16344554e+22     2.43927174e+21     2.77676653e+14
    133     2.37202171e+22     2.67444010e+21     3.32045713e+14
    134     2.60070656e+22     2.93228088e+21     3.97112931e+14
    135     2.85143874e+22     3.21497989e+21     4.74993251e+14
    136     3.12634382e+22     3.52493370e+21     5.68221530e+14
    137     3.42775229e+22     3.86476993e+21     6.79836229e+14
    138     3.75821933e+22     4.23736951e+21     8.13479837e+14
    139     4.12054645e+22     4.64589114e+21     9.73519372e+14
    140     4.51780525e+22     5.09379804e+21     1.16519100e+15
    141     4.95336349e+22     5.58488730e+21     1.39477359e+15
    142     5.43091356e+22     6.12332212e+21     1.66979700e+15
    143     5.95450388e+22     6.71366703e+21     1.99929212e+15
    144     6.52857315e+22     7.36092665e+21     2.39409087e+15
    145     7.15798801e+22     8.07058809e+21     2.86718644e+15
    146     7.84808429e+22     8.84866746e+21     3.43416556e+15
    147     8.60471223e+22     9.70176087e+21     4.11372743e+15
    148     9.43428610e+22     1.06371004e+22     4.92830655e+15
    149     1.03438386e+23     1.16626153e+22     5.90482034e+15
    150     1.13410803e+23     1.27869993e+22     7.07556649e+15
    151     1.24344654e+23     1.40197843e+22     8.47929997e+15
    152     1.36332629e+23     1.53714212e+22     1.01625257e+16
    153     1.49476355e+23     1.68533685e+22     1.21810497e+16
    154     1.63887259e+23     1.84781891e+22     1.46018410e+16
    155     1.79687507e+23     2.02596575e+22     1.75052656e+16
    156     1.97011045e+23     2.22128758e+22     2.09877668e+16
    157     2.16004732e+23     2.43544025e+22     2.51650807e+16
    158     2.36829586e+23     2.67023922e+22     3.01760945e+16
    159     2.59662148e+23     2.92767498e+22     3.61874733e+16
    160     2.84695981e+23     3.20992993e+22     4.33992090e+16
    161     3.12143306e+23     3.51939686e+22     5.20512745e+16
    162     3.42236808e+23     3.85869926e+22     6.24316001e+16
    163     3.75231601e+23     4.23071355e+22     7.48856351e+16
    164     4.11407397e+23     4.63859346e+22     8.98278053e+16
    165     4.51070873e+23     5.08579675e+22     1.07755240e+17
    166     4.94558276e+23     5.57611458e+22     1.29264215e+17
    167     5.42238265e+23     6.11370357e+22     1.55069838e+17
    168     5.94515046e+23     6.70312110e+22     1.86029615e+17
    169     6.51831791e+23     7.34936393e+22     2.23171655e+17
    170     7.14674399e+23     8.05791052e+22     2.67728399e+17
    171     7.83575614e+23     8.83476755e+22     3.21176963e+17
    172     8.59119542e+23     9.68652075e+22     3.85287346e+17
    173     9.41946601e+23     1.06203908e+23     4.62180033e+17
    174     1.03275895e+24     1.16442946e+23     5.54394775e+17
    175     1.13232645e+24     1.27669121e+23     6.64972681e+17
    176     1.24149317e+24     1.39977603e+23     7.97554130e+17
    177     1.36118457e+24     1.53472735e+23     9.56495504e+17
    178     1.49241533e+24     1.68268923e+23     1.14700824e+18
    179     1.63629793e+24     1.84491600e+23     1.37532438e+18
    180     1.79405214e+24     2.02278291e+23     1.64889349e+18
    181     1.96701530e+24     2.21779783e+23     1.97661671e+18
    182     2.15665370e+24     2.43161398e+23     2.36912472e+18
    183     2.36457499e+24     2.66604396e+23     2.83910748e+18
    184     2.59254179e+24     2.92307515e+23     3.40170499e+18
    185     2.84248668e+24     3.20488650e+23     4.07496984e+18
    186     3.11652854e+24     3.51386704e+23     4.88041395e+18
    187     3.41699054e+24     3.85263612e+23     5.84365393e+18
    188     3.74641979e+24     4.22406560e+23     7.10111618e+18
    189     4.10760804e+24     4.63130317e+23     1.11440020e+19
    190     4.50361579e+24     5.07779950e+23     2.18639551e+19
    191     4.93779913e+24     5.56733858e+23     4.20320519e+19
    192     5.41383601e+24     6.10406728e+23     7.92172800e+19
    193     5.93575714e+24     6.69253020e+23     1.46433525e+20
    194     6.50797895e+24     7.33770681e+23     2.65582021e+20
    195     7.13533901e+24     8.04505148e+23     4.72720175e+20
    196     7.82313425e+24     8.82053644e+23     8.25868150e+20
    197     8.57716175e+24     9.67069787e+23     1.41614602e+21
    198     9.40376240e+24     1.06026851e+24     2.38295937e+21
    199     1.03098676e+25     1.16243132e+24     3.93359283e+21
    200     1.13030498e+25     1.27441201e+24     6.36682083e+21
# totals: CO2 1.285649e+26   N2 1.449561e+25   H2O 1.600679e+22  molec/cm^2
